# image_width: 1024
# image_height: 768
# camera_matrix:
#   rows: 3
#   cols: 3
#   data: [680.5324726998992, 0.0, 519.2823640406702, 0.0, 681.0473714848833, 375.89957769943265, 0.0, 0.0, 1.0]
# distortion_model: plumb_bob
# distortion_coefficients:
#   rows: 1
#   cols: 5
#   data: [-0.07832735832334378, 0.11027197095006963, -0.0043459482482193414, -0.000316308526471965, 0.0]
# rectification_matrix:
#   rows: 3
#   cols: 3
#   data: [1, 0, 0, 0, 1, 0, 0, 0, 1]
# projection_matrix:
#   rows: 3
#   cols: 4
#   data: [691.838623046875, 0.0, 518.2129930399533, 0.0, 0.0, 691.7472534179688, 372.4124733145982, 0.0, 0.0, 0.0, 1.0, 0.0]

camera_matrix: [680.5324726998992, 0.0, 0.0, 0.0, 681.0473714848833, 0.0, 519.2823640406702, 375.89957769943265, 1.0, 0.0, 0.0, 0.0]
#camera_matrix: [680.5324726998992, 0.0, 519.2823640406702, 0.0, 681.0473714848833, 375.89957769943265, 0.0, 0.0, 1.0]
