# image_width: 1024
# image_height: 768
# camera_matrix:
#   rows: 3
#   cols: 3
#   data: [676.9850906397999, 0.0, 523.8111269958803, 0.0, 676.5960420608859, 383.6936115011799, 0.0, 0.0, 1.0]
# distortion_model: plumb_bob
# distortion_coefficients:
#   rows: 1
#   cols: 5
#   data: [-0.0737366926874775, 0.08485243970862166, -0.0012430322640121208, 0.003173207277178021, 0.0]
# rectification_matrix:
#   rows: 3
#   cols: 3
#   data: [1, 0, 0, 0, 1, 0, 0, 0, 1]
# projection_matrix:
#   rows: 3
#   cols: 4
#   data: [678.7416381835938, 0.0, 526.8132033997717, 0.0, 0.0, 679.1658935546875, 382.5366712216055, 0.0, 0.0, 0.0, 1.0, 0.0]

camera_matrix: [676.9850906397999, 0.0, 523.8111269958803, 0.0, 676.5960420608859, 383.6936115011799, 0.0, 0.0, 1.0]

