X: 2.233712
Y: 0.17853802
Z: -0.849107
ROLL: -0.04761556668042074
PITCH: -0.07661051695632423
YAW: -0.6180189354991581
v2c: true