X: 2.1536634
Y: -0.14665838
Z: -0.795521
ROLL: 0.06996847589845356
PITCH: -0.04242917829319564
YAW: 0.6351549006741041
v2c: true